<?xml version="1.0"?>
<opencv_storage>
<ext_T type_id="opencv-matrix">
  <rows>3</rows>
  <cols>1</cols>
  <dt>d</dt>
  <data>
9.9960400252946990e-01
1.1883594323257373e-02
2.5507220801641667e-02
</data></ext_T>
</opencv_storage>
