<?xml version="1.0"?>
<opencv_storage>
<ext_R type_id="opencv-matrix">
  <rows>3</rows>
  <cols>3</cols>
  <dt>d</dt>
  <data>
9.9854401420328975e-01 2.9595497349581539e-02 -4.5099426109552407e-02
-3.0994227401413992e-02 9.9904990776121294e-01 -3.0637226867026929e-02
4.4149853528290657e-02 3.1990441368370412e-02 9.9851259486021859e-01
</data></ext_R>
</opencv_storage>
