<?xml version="1.0"?>
<opencv_storage>
<intrinsics_penne type_id="opencv-matrix">
  <rows>3</rows>
  <cols>3</cols>
  <dt>d</dt>
  <data>   
3474.75624741247	0	                1231.77101579025
0	                3472.01239450386	1073.40611459583
0	                0	                1
</data></intrinsics_penne>
</opencv_storage>
